{
  "n": 50,
  "mean_base": 20.7860879005165,
  "mean_instr": 21.75432403336059,
  "mean_diff": 0.9682361328440905,
  "t_stat": 0.8949923525207811,
  "t_p": 0.37516665248493664,
  "wil_stat": 315.0,
  "wil_p": 0.08786851126705501,
  "bootstrap_ci": [
    -1.0843452654396735,
    3.0394295754358316
  ],
  "cohen_d": 0.12657103231550906
}